(40,[0,1,3,4,6,7,8,9,10,11,12,13,14,15,16,17,19,20,21,22,23,24,25,26,27,28,29,30,31,32,33,34,35,36,37,38,39],[61.0,6.0,4.0,3.0,3.0,2.0,2.0,2.0,2.0,6.0,1.0,5.0,3.0,2.0,1.0,6.0,6.0,7.0,1.0,4.0,6.0,4.0,1.0,5.0,1.0,1.0,2.0,1.0,3.0,5.0,2.0,6.0,4.0,1.0,3.0,4.0,1.0])
(40,[0,1,2,3,4,5,6,7,8,9,10,11,12,13,14,15,16,17,18,19,20,21,22,23,24,25,26,27,28,29,30,31,32,33,34,35,36,37,38,39],[523.0,99.0,15.0,32.0,32.0,27.0,32.0,41.0,41.0,28.0,48.0,31.0,24.0,33.0,23.0,29.0,56.0,39.0,24.0,41.0,59.0,36.0,55.0,71.0,28.0,32.0,90.0,42.0,37.0,19.0,30.0,41.0,29.0,46.0,28.0,30.0,47.0,29.0,38.0,87.0])
(40,[0,1,3,4,5,6,7,8,9,10,11,12,13,14,15,16,17,18,19,20,21,22,23,24,25,26,27,28,29,30,31,32,33,34,35,36,37,38],[46.0,1.0,3.0,2.0,1.0,1.0,4.0,1.0,1.0,1.0,2.0,2.0,3.0,3.0,3.0,2.0,4.0,2.0,4.0,6.0,5.0,3.0,1.0,1.0,1.0,4.0,2.0,1.0,2.0,1.0,3.0,1.0,2.0,4.0,7.0,5.0,5.0,2.0])
(40,[0,1,2,3,4,5,6,7,8,9,10,11,12,13,14,17,19,20,22,23,24,25,27,28,29,30,31,32,33,34,35,36,38],[40.0,1.0,1.0,1.0,1.0,3.0,2.0,3.0,1.0,2.0,2.0,1.0,1.0,2.0,4.0,1.0,5.0,2.0,1.0,2.0,1.0,1.0,3.0,1.0,2.0,1.0,3.0,3.0,1.0,2.0,2.0,2.0,1.0])
(40,[0,2,3,4,5,6,7,8,9,10,11,12,13,14,15,16,17,18,19,20,22,24,25,26,29,30,31,33,34,35,36,37,39],[28.0,2.0,3.0,2.0,3.0,1.0,1.0,3.0,1.0,2.0,3.0,2.0,1.0,2.0,1.0,1.0,3.0,2.0,5.0,2.0,3.0,1.0,1.0,4.0,1.0,2.0,3.0,1.0,2.0,4.0,1.0,1.0,2.0])
(40,[0,1,2,3,4,5,6,7,8,9,10,11,12,13,14,15,16,17,18,19,20,21,22,23,24,25,26,27,28,29,30,31,32,33,34,35,36,37,38,39],[75.0,6.0,2.0,5.0,1.0,3.0,4.0,8.0,1.0,1.0,7.0,7.0,5.0,4.0,6.0,6.0,5.0,4.0,7.0,7.0,12.0,6.0,4.0,7.0,4.0,5.0,7.0,8.0,5.0,7.0,2.0,3.0,4.0,3.0,1.0,5.0,4.0,8.0,2.0,15.0])
(40,[0,1,2,3,4,5,6,7,8,9,10,11,12,13,14,15,16,17,18,19,20,21,22,23,24,25,26,27,28,29,30,31,32,33,34,35,36,37,38,39],[93.0,4.0,7.0,5.0,2.0,8.0,5.0,8.0,15.0,2.0,10.0,5.0,19.0,4.0,6.0,4.0,2.0,8.0,2.0,20.0,24.0,9.0,17.0,9.0,5.0,10.0,24.0,7.0,7.0,20.0,5.0,5.0,3.0,3.0,10.0,10.0,19.0,23.0,4.0,9.0])
(40,[0,1,2,3,4,5,6,7,8,10,11,12,13,14,15,16,17,18,19,20,21,22,23,24,25,26,27,28,29,30,31,32,33,34,35,36,37,38,39],[82.0,3.0,4.0,4.0,6.0,8.0,5.0,10.0,5.0,8.0,2.0,9.0,3.0,10.0,3.0,2.0,2.0,2.0,4.0,4.0,14.0,14.0,4.0,5.0,3.0,6.0,3.0,6.0,9.0,7.0,7.0,4.0,3.0,4.0,3.0,7.0,1.0,4.0,5.0])
(40,[0,1,2,3,4,5,6,7,8,9,10,11,12,13,14,15,16,17,18,19,20,21,22,23,24,25,26,27,28,29,30,31,32,33,34,35,36,37,38,39],[372.0,73.0,16.0,22.0,24.0,22.0,27.0,35.0,29.0,25.0,38.0,20.0,17.0,18.0,13.0,18.0,42.0,34.0,18.0,35.0,43.0,24.0,43.0,53.0,21.0,16.0,47.0,31.0,24.0,17.0,21.0,26.0,25.0,35.0,20.0,26.0,32.0,19.0,26.0,61.0])
(40,[0,1,2,3,4,5,6,7,8,9,10,11,12,13,14,15,16,17,18,19,20,21,22,23,24,25,26,27,28,29,30,31,32,33,34,35,36,37,38,39],[228.0,35.0,15.0,14.0,14.0,15.0,21.0,31.0,18.0,19.0,32.0,12.0,12.0,24.0,15.0,11.0,18.0,29.0,7.0,26.0,27.0,25.0,19.0,37.0,14.0,7.0,25.0,17.0,18.0,13.0,16.0,23.0,12.0,20.0,14.0,22.0,19.0,13.0,10.0,44.0])
(40,[0,3,5,7,8,10,12,15,17,19,20,21,22,23,24,25,26,27,28,29,34,35,36,38],[33.0,3.0,1.0,4.0,1.0,1.0,1.0,2.0,2.0,1.0,3.0,1.0,6.0,1.0,2.0,2.0,3.0,6.0,1.0,1.0,2.0,1.0,3.0,2.0])
(40,[0,1,2,3,4,5,6,7,8,9,10,11,12,13,14,15,16,17,18,19,20,21,22,23,24,25,26,27,28,29,30,31,32,33,34,35,36,37,38,39],[410.0,13.0,12.0,12.0,3.0,9.0,9.0,11.0,15.0,10.0,23.0,11.0,23.0,9.0,26.0,6.0,10.0,19.0,5.0,18.0,9.0,6.0,31.0,15.0,15.0,11.0,10.0,10.0,12.0,6.0,10.0,10.0,19.0,5.0,11.0,22.0,18.0,8.0,10.0,7.0])
(40,[0,1,2,3,4,5,6,7,8,9,10,11,12,13,14,15,18,19,20,21,22,23,24,25,26,27,28,29,30,32,33,34,35,36],[48.0,2.0,3.0,4.0,3.0,2.0,2.0,2.0,3.0,2.0,1.0,4.0,4.0,2.0,2.0,1.0,2.0,3.0,6.0,2.0,9.0,1.0,4.0,5.0,3.0,2.0,3.0,3.0,5.0,2.0,2.0,1.0,1.0,1.0])
(40,[0,1,3,4,5,7,8,9,10,11,12,14,15,16,18,19,20,22,23,24,26,27,28,29,30,31,32,33,36,38,39],[31.0,1.0,7.0,1.0,1.0,3.0,1.0,1.0,1.0,1.0,2.0,2.0,1.0,1.0,1.0,5.0,6.0,4.0,2.0,3.0,3.0,2.0,1.0,2.0,2.0,1.0,1.0,1.0,1.0,1.0,3.0])
(40,[0,2,3,4,6,7,12,13,14,16,18,19,20,22,25,26,27,28,29,30,31,32,34,36,37,38,39],[30.0,2.0,4.0,2.0,4.0,2.0,1.0,1.0,2.0,1.0,1.0,1.0,2.0,9.0,1.0,4.0,1.0,3.0,1.0,4.0,2.0,3.0,1.0,1.0,1.0,1.0,4.0])
(40,[0,1,2,3,4,5,6,7,8,9,10,11,12,14,15,16,17,18,19,20,21,22,23,24,25,26,27,28,29,30,31,32,33,34,35,36,37,38,39],[103.0,4.0,2.0,9.0,9.0,3.0,2.0,7.0,5.0,3.0,3.0,1.0,7.0,5.0,3.0,6.0,1.0,2.0,4.0,16.0,5.0,8.0,3.0,4.0,5.0,8.0,4.0,6.0,6.0,3.0,5.0,4.0,1.0,9.0,6.0,3.0,1.0,3.0,3.0])
(40,[0,1,2,3,4,5,6,7,8,9,10,11,12,13,14,15,16,17,18,19,20,21,22,23,24,25,26,27,28,29,30,31,32,33,35,36,37,38,39],[89.0,1.0,3.0,11.0,1.0,2.0,3.0,3.0,2.0,1.0,1.0,2.0,5.0,8.0,3.0,3.0,2.0,1.0,6.0,5.0,6.0,5.0,10.0,5.0,3.0,4.0,5.0,4.0,2.0,3.0,6.0,3.0,2.0,6.0,4.0,3.0,1.0,5.0,2.0])
(40,[0,1,2,3,4,5,6,7,9,10,11,12,14,15,16,17,18,19,20,22,23,24,25,26,27,28,29,30,31,32,33,34,35,36,37,38,39],[170.0,4.0,3.0,4.0,2.0,1.0,2.0,3.0,6.0,1.0,1.0,3.0,4.0,2.0,1.0,1.0,4.0,4.0,7.0,3.0,2.0,2.0,2.0,7.0,2.0,1.0,5.0,1.0,3.0,1.0,2.0,5.0,4.0,4.0,1.0,4.0,6.0])
(40,[0,1,2,3,4,5,6,7,8,9,10,11,12,13,14,15,16,17,18,19,20,21,22,23,24,25,26,27,28,29,30,31,32,33,34,35,36,37,38,39],[108.0,5.0,5.0,4.0,3.0,4.0,3.0,8.0,2.0,3.0,5.0,5.0,3.0,3.0,4.0,7.0,3.0,4.0,5.0,3.0,11.0,6.0,6.0,6.0,3.0,6.0,5.0,4.0,4.0,2.0,4.0,8.0,7.0,1.0,3.0,7.0,5.0,3.0,11.0,5.0])
(40,[0,1,2,3,4,5,6,7,8,9,10,11,12,13,14,15,16,17,18,19,20,21,22,23,24,25,26,27,28,29,30,31,32,33,34,35,36,37,38,39],[137.0,10.0,6.0,5.0,2.0,5.0,4.0,7.0,2.0,11.0,6.0,4.0,5.0,5.0,7.0,24.0,9.0,6.0,5.0,5.0,15.0,4.0,12.0,18.0,7.0,7.0,15.0,5.0,6.0,7.0,7.0,2.0,9.0,6.0,5.0,2.0,10.0,6.0,13.0,6.0])
(40,[0,2,3,4,5,7,8,10,11,12,13,14,15,16,17,18,19,20,21,22,23,24,25,26,28,29,30,31,32,33,34,35,36,37,38,39],[83.0,3.0,8.0,3.0,2.0,2.0,1.0,2.0,1.0,5.0,2.0,4.0,3.0,3.0,2.0,1.0,3.0,8.0,1.0,3.0,4.0,5.0,2.0,9.0,2.0,5.0,1.0,5.0,4.0,2.0,2.0,2.0,5.0,3.0,3.0,1.0])
(40,[0,1,2,3,5,7,10,11,12,14,15,16,17,18,19,20,22,23,24,26,27,28,29,30,32,33,34,35,36,37,38,39],[40.0,2.0,4.0,4.0,3.0,1.0,3.0,3.0,4.0,2.0,5.0,1.0,2.0,1.0,4.0,5.0,3.0,2.0,2.0,4.0,1.0,4.0,4.0,1.0,1.0,2.0,2.0,1.0,6.0,2.0,3.0,1.0])
(40,[0,1,3,4,6,7,10,11,12,13,14,15,18,19,21,22,24,26,29,30,31,35,36,37,38],[14.0,1.0,2.0,2.0,1.0,2.0,1.0,1.0,2.0,1.0,2.0,1.0,3.0,3.0,1.0,1.0,2.0,1.0,2.0,1.0,3.0,3.0,2.0,1.0,1.0])
(40,[0,1,2,3,4,5,6,7,8,9,10,11,12,13,14,15,16,17,18,19,20,21,22,23,24,25,26,27,28,29,30,31,32,33,34,35,36,37,38,39],[164.0,7.0,8.0,9.0,15.0,12.0,6.0,20.0,8.0,6.0,14.0,10.0,5.0,8.0,10.0,6.0,5.0,17.0,8.0,9.0,19.0,19.0,25.0,8.0,7.0,4.0,16.0,7.0,8.0,7.0,13.0,25.0,6.0,4.0,6.0,18.0,8.0,6.0,11.0,7.0])
(40,[0,1,2,3,4,6,7,8,9,12,18,19,22,23,24,26,27,28,29,30,31,33,34,35,38,39],[25.0,2.0,2.0,4.0,1.0,1.0,4.0,1.0,1.0,3.0,1.0,4.0,2.0,2.0,2.0,2.0,2.0,1.0,2.0,2.0,2.0,3.0,1.0,3.0,1.0,1.0])
(40,[0,1,2,3,4,5,6,7,8,9,10,12,14,15,16,17,18,19,20,21,22,24,25,26,27,28,29,30,31,32,33,35,36,37,38,39],[67.0,3.0,4.0,5.0,7.0,2.0,4.0,3.0,6.0,4.0,4.0,8.0,5.0,1.0,5.0,4.0,4.0,1.0,7.0,5.0,4.0,5.0,2.0,6.0,2.0,3.0,2.0,2.0,4.0,3.0,4.0,1.0,4.0,1.0,4.0,3.0])
(40,[0,1,2,3,4,5,6,7,8,9,10,11,12,13,14,15,16,17,18,19,20,22,23,24,25,26,27,28,29,31,32,33,34,35,36,37,38,39],[40.0,4.0,2.0,4.0,2.0,3.0,1.0,1.0,4.0,1.0,1.0,4.0,3.0,2.0,3.0,3.0,4.0,1.0,2.0,6.0,4.0,7.0,6.0,2.0,2.0,5.0,2.0,1.0,2.0,1.0,1.0,1.0,2.0,2.0,3.0,2.0,2.0,1.0])
(40,[0,1,2,3,4,5,6,7,8,9,10,11,12,13,14,15,16,17,18,19,20,21,22,23,24,25,26,27,28,29,30,31,32,33,34,35,36,37,38,39],[80.0,2.0,3.0,8.0,2.0,3.0,5.0,5.0,1.0,2.0,4.0,1.0,8.0,7.0,4.0,5.0,1.0,4.0,7.0,5.0,10.0,2.0,4.0,1.0,4.0,3.0,5.0,5.0,6.0,8.0,1.0,17.0,2.0,2.0,3.0,8.0,8.0,4.0,7.0,2.0])
(40,[0,1,2,3,4,5,6,7,8,9,10,12,13,14,15,16,17,18,19,20,21,22,23,24,25,26,27,28,29,30,31,32,33,34,35,36,37,38,39],[59.0,1.0,3.0,7.0,2.0,6.0,6.0,4.0,3.0,1.0,3.0,4.0,11.0,3.0,3.0,1.0,5.0,2.0,4.0,12.0,4.0,5.0,3.0,2.0,6.0,9.0,4.0,8.0,4.0,3.0,1.0,3.0,5.0,3.0,6.0,3.0,4.0,3.0,4.0])
(40,[0,1,2,3,4,5,6,7,8,9,10,11,12,13,14,15,16,17,18,19,20,21,22,23,24,25,26,27,28,29,30,31,32,33,34,35,36,37,38,39],[467.0,32.0,28.0,41.0,16.0,24.0,18.0,17.0,47.0,23.0,27.0,24.0,28.0,33.0,40.0,20.0,18.0,36.0,19.0,23.0,45.0,23.0,39.0,27.0,25.0,45.0,39.0,25.0,24.0,28.0,19.0,25.0,17.0,27.0,17.0,24.0,33.0,9.0,25.0,22.0])
(40,[0,1,2,3,4,5,6,7,8,9,10,11,12,13,14,15,16,17,18,19,20,21,22,23,24,25,26,27,28,29,30,32,33,34,35,36,37,38,39],[128.0,2.0,5.0,7.0,2.0,3.0,3.0,13.0,3.0,2.0,11.0,5.0,10.0,4.0,13.0,9.0,3.0,6.0,3.0,4.0,9.0,6.0,10.0,5.0,3.0,5.0,6.0,3.0,2.0,5.0,2.0,5.0,3.0,6.0,2.0,4.0,2.0,6.0,3.0])
(40,[0,1,2,3,4,5,6,7,8,9,10,11,12,13,14,15,16,17,18,19,20,21,22,23,24,25,26,27,28,29,30,31,32,33,34,35,36,37,38,39],[1119.0,60.0,62.0,40.0,61.0,38.0,53.0,44.0,83.0,67.0,53.0,89.0,67.0,49.0,80.0,67.0,53.0,74.0,35.0,63.0,135.0,47.0,94.0,44.0,39.0,59.0,136.0,56.0,60.0,46.0,65.0,60.0,68.0,40.0,70.0,64.0,67.0,57.0,64.0,66.0])
